1853-841  9.0  5.0  0.0                        7.00
6558-955  9.4  5.5  8.0                        8.70
1226-472  2.0  2.0  2.0                        2.00
6689-094 10.0  7.0  6.0                        8.50
7176-041  6.0  7.0  4.0                        6.50
6119-294  9.0  6.0  7.5                        8.25
0008-488 10.0  7.0 10.0                       10.00
4891-505  5.0  4.0  2.0                        4.50
4606-722  5.3  3.0  3.0                        4.15
7757-851  8.0  0.0  9.5                        8.75
3315-339  8.0  2.0  2.0                        5.00
6961-689  7.0  9.0  6.0                        8.00
0517-834 10.0  8.0 10.0                       10.00
5492-899  6.0  0.0  3.5                        4.75
5018-170  7.0  4.0  0.0                        5.50
0618-369  7.4  5.0  4.5                        6.20
4767-153  6.1  1.5  0.0                        3.80
5837-392  9.0  7.0  7.0                        8.00
6772-422  2.0  4.0  4.0                        4.00
8308-321  6.0  3.0  2.5                        4.50
3455-718  8.0  8.0  8.0                        8.00
3088-893  6.0  3.0  1.0                        4.50
5047-380  4.0  1.0  3.0                        3.50
9043-561  4.3  2.0  5.0                        4.65
9638-260  5.0  3.0  0.0                        4.00
6476-708  5.1  0.0  3.0                        4.05
3940-305 10.0  4.0  7.0                        8.50
1134-229  6.0  5.0  6.0                        6.00
9487-123  8.0  0.0  0.0                        4.00
4083-503  6.3  2.5  3.0                        4.65
8535-040  7.0  2.0  0.0                        4.50
2829-859  4.2  1.0  2.0                        3.10
7111-305  2.0  1.0  1.0                        1.50
2745-511  8.0  4.0  4.0                        6.00
5187-483  0.0  3.5  3.0                        3.25
6176-439  8.0  3.0  3.0                        5.50
4917-370  8.0  5.5  8.0                        8.00
4794-145  2.0  1.0  3.0                        2.50
3922-170  8.0  4.0  4.0                        6.00
1762-336  2.3  5.0  6.0                        5.50
6858-225  7.0  4.0  2.5                        5.50
1019-970  4.2  2.0  3.0                        3.60
1325-514  8.0  9.0  7.5                        8.50
1599-958  5.3  1.0  4.5                        4.90
5767-480  2.0  1.0  2.0                        2.00
9538-865  7.0  6.0  6.0                        6.50
7117-024  6.0  4.0  2.5                        5.00
4092-126  7.0  3.0  3.0                        5.00
5407-395  2.2  2.0  1.5                        2.10
2503-575  9.0  3.0  8.0                        8.50
1608-047  8.0  6.0  5.0                        7.00
5883-107  8.5  5.0  6.0                        7.25
3792-339  5.0  1.0  2.0                        3.50
8448-970  7.0  3.0  0.0                        5.00
4300-222  8.0  0.0  3.0                        5.50
9087-625  8.0  3.0  4.0                        6.00
7578-411  7.5  6.0  7.5                        7.50
8114-433  4.0  3.0  2.0                        3.50
4066-978 10.0  8.0  9.5                        9.75
9910-037  0.0  0.0  0.0                        0.00
1260-870  9.4  6.0  5.0                        7.70
0502-715  8.2  7.0  6.0                        7.06